function R = rObjects(L_interp)
L_R_RAW = [360	365	370	375	380	385	390	395	400	405	410	415	420	425	430	435	440	445	450	455	460	465	470	475	480	485	490	495	500	505	510	515	520	525	530	535	540	545	550	555	560	565	570	575	580	585	590	595	600	605	610	615	620	625	630	635	640	645	650	655	660	665	670	675	680	685	690	695	700	705	710	715	720	725	730	735	740	745	750	755	760	765	770	775	780	785	790	795	800	805	810	815	820	825	830];
R_RAW(1, :) = [0.116000000000000	0.136000000000000	0.159000000000000	0.190000000000000	0.219000000000000	0.239000000000000	0.252000000000000	0.256000000000000	0.256000000000000	0.254000000000000	0.252000000000000	0.248000000000000	0.244000000000000	0.240000000000000	0.237000000000000	0.232000000000000	0.230000000000000	0.226000000000000	0.225000000000000	0.222000000000000	0.220000000000000	0.218000000000000	0.216000000000000	0.214000000000000	0.214000000000000	0.214000000000000	0.216000000000000	0.218000000000000	0.223000000000000	0.225000000000000	0.226000000000000	0.226000000000000	0.225000000000000	0.225000000000000	0.227000000000000	0.230000000000000	0.236000000000000	0.245000000000000	0.253000000000000	0.262000000000000	0.272000000000000	0.283000000000000	0.298000000000000	0.318000000000000	0.341000000000000	0.367000000000000	0.390000000000000	0.409000000000000	0.424000000000000	0.435000000000000	0.442000000000000	0.448000000000000	0.450000000000000	0.451000000000000	0.451000000000000	0.451000000000000	0.451000000000000	0.451000000000000	0.450000000000000	0.450000000000000	0.451000000000000	0.451000000000000	0.453000000000000	0.454000000000000	0.455000000000000	0.457000000000000	0.458000000000000	0.460000000000000	0.462000000000000	0.463000000000000	0.464000000000000	0.465000000000000	0.466000000000000	0.466000000000000	0.466000000000000	0.466000000000000	0.467000000000000	0.467000000000000	0.467000000000000	0.467000000000000	0.467000000000000	0.467000000000000	0.467000000000000	0.467000000000000	0.467000000000000	0.467000000000000	0.467000000000000	0.466000000000000	0.466000000000000	0.466000000000000	0.466000000000000	0.466000000000000	0.465000000000000	0.464000000000000	0.464000000000000];
R_RAW(2, :) = [0.0530000000000000	0.0550000000000000	0.0590000000000000	0.0640000000000000	0.0700000000000000	0.0790000000000000	0.0890000000000000	0.101000000000000	0.111000000000000	0.116000000000000	0.118000000000000	0.120000000000000	0.121000000000000	0.122000000000000	0.122000000000000	0.122000000000000	0.123000000000000	0.124000000000000	0.127000000000000	0.128000000000000	0.131000000000000	0.134000000000000	0.138000000000000	0.143000000000000	0.150000000000000	0.159000000000000	0.174000000000000	0.190000000000000	0.207000000000000	0.225000000000000	0.242000000000000	0.253000000000000	0.260000000000000	0.264000000000000	0.267000000000000	0.269000000000000	0.272000000000000	0.276000000000000	0.282000000000000	0.289000000000000	0.299000000000000	0.309000000000000	0.322000000000000	0.329000000000000	0.335000000000000	0.339000000000000	0.341000000000000	0.341000000000000	0.342000000000000	0.342000000000000	0.342000000000000	0.341000000000000	0.341000000000000	0.339000000000000	0.339000000000000	0.338000000000000	0.338000000000000	0.337000000000000	0.336000000000000	0.335000000000000	0.334000000000000	0.332000000000000	0.332000000000000	0.331000000000000	0.331000000000000	0.330000000000000	0.329000000000000	0.328000000000000	0.328000000000000	0.327000000000000	0.326000000000000	0.325000000000000	0.324000000000000	0.324000000000000	0.324000000000000	0.323000000000000	0.322000000000000	0.321000000000000	0.320000000000000	0.318000000000000	0.316000000000000	0.315000000000000	0.315000000000000	0.314000000000000	0.314000000000000	0.313000000000000	0.313000000000000	0.312000000000000	0.312000000000000	0.311000000000000	0.311000000000000	0.311000000000000	0.311000000000000	0.311000000000000	0.310000000000000];
R_RAW(3, :) = [0.0580000000000000	0.0590000000000000	0.0610000000000000	0.0630000000000000	0.0650000000000000	0.0680000000000000	0.0700000000000000	0.0720000000000000	0.0730000000000000	0.0730000000000000	0.0740000000000000	0.0740000000000000	0.0740000000000000	0.0730000000000000	0.0730000000000000	0.0730000000000000	0.0730000000000000	0.0730000000000000	0.0740000000000000	0.0750000000000000	0.0770000000000000	0.0800000000000000	0.0850000000000000	0.0940000000000000	0.109000000000000	0.126000000000000	0.148000000000000	0.172000000000000	0.198000000000000	0.221000000000000	0.241000000000000	0.260000000000000	0.278000000000000	0.302000000000000	0.339000000000000	0.370000000000000	0.392000000000000	0.399000000000000	0.400000000000000	0.393000000000000	0.380000000000000	0.365000000000000	0.349000000000000	0.332000000000000	0.315000000000000	0.299000000000000	0.285000000000000	0.272000000000000	0.264000000000000	0.257000000000000	0.252000000000000	0.247000000000000	0.241000000000000	0.235000000000000	0.229000000000000	0.224000000000000	0.220000000000000	0.217000000000000	0.216000000000000	0.216000000000000	0.219000000000000	0.224000000000000	0.230000000000000	0.238000000000000	0.251000000000000	0.269000000000000	0.288000000000000	0.312000000000000	0.340000000000000	0.366000000000000	0.390000000000000	0.412000000000000	0.431000000000000	0.447000000000000	0.460000000000000	0.472000000000000	0.481000000000000	0.488000000000000	0.493000000000000	0.497000000000000	0.500000000000000	0.502000000000000	0.505000000000000	0.510000000000000	0.516000000000000	0.520000000000000	0.524000000000000	0.527000000000000	0.531000000000000	0.535000000000000	0.539000000000000	0.544000000000000	0.548000000000000	0.552000000000000	0.555000000000000];
R_RAW(4, :) = [0.0570000000000000	0.0590000000000000	0.0620000000000000	0.0670000000000000	0.0740000000000000	0.0830000000000000	0.0930000000000000	0.105000000000000	0.116000000000000	0.121000000000000	0.124000000000000	0.126000000000000	0.128000000000000	0.131000000000000	0.135000000000000	0.139000000000000	0.144000000000000	0.151000000000000	0.161000000000000	0.172000000000000	0.186000000000000	0.205000000000000	0.229000000000000	0.254000000000000	0.281000000000000	0.308000000000000	0.332000000000000	0.352000000000000	0.370000000000000	0.383000000000000	0.390000000000000	0.394000000000000	0.395000000000000	0.392000000000000	0.385000000000000	0.377000000000000	0.367000000000000	0.354000000000000	0.341000000000000	0.327000000000000	0.312000000000000	0.296000000000000	0.280000000000000	0.263000000000000	0.247000000000000	0.229000000000000	0.214000000000000	0.198000000000000	0.185000000000000	0.175000000000000	0.169000000000000	0.164000000000000	0.160000000000000	0.156000000000000	0.154000000000000	0.152000000000000	0.151000000000000	0.149000000000000	0.148000000000000	0.148000000000000	0.148000000000000	0.149000000000000	0.151000000000000	0.154000000000000	0.158000000000000	0.162000000000000	0.165000000000000	0.168000000000000	0.170000000000000	0.171000000000000	0.170000000000000	0.168000000000000	0.166000000000000	0.164000000000000	0.164000000000000	0.165000000000000	0.168000000000000	0.172000000000000	0.177000000000000	0.181000000000000	0.185000000000000	0.189000000000000	0.192000000000000	0.194000000000000	0.197000000000000	0.200000000000000	0.204000000000000	0.210000000000000	0.218000000000000	0.225000000000000	0.233000000000000	0.243000000000000	0.254000000000000	0.264000000000000	0.274000000000000];
